870
695
 851
 561
 441
   7
  30
 877
 992
 770
 691
 793
 222
  25
 726
 495
 580
 602
 789
 432
 347
 197
 514
 690
 821
 323
  61
 270
 988
 919
 367
 368
 780
 942
 457
 936
 873
 838
 956
 344
 152
 260
 192
 977
 900
 255
 250
 600
 380
 221
 526
 434
 617
 667
  64
  24
 899
 923
 410
 105
  27
 955
 292
  95
 471
 391
 119
 679
 135
 405
 517
 251
 342
 917
 531
 375
 763
 852
 794
  60
 389
  50
 587
 303
 976
 299
 831
 520
 232
 811
 980
 835
 365
 910
 896
 334
 151
 573
 958
 507
  68
  89
  18
 239
 739
 921
 585
 752
 302
 753
 508
 733
 558
 167
 799
  51
  57
 657
 672
 905
 158
 890
 544
 692
 165
 138
 422
 888
 338
 341
 565
 486
 932
 908
 533
 641
 711
 493
 684
 335
 855
 465
 369
  55
  98
 382
 200
 675
 363
 340
 168
 430
  80
 592
 187
 101
 348
 247
 806
 656
 787
 922
 784
 575
 343
 713
 808
 688
 959
 707
 957
 986
 186
 887
  12
 961
  13
 682
 240
 737
 385
 966
 930
 662
 196
 115
 772
 551
 613
 461
 879
 396
 356
 198
 131
 943
 293
 891
 195
 818
 351
 418
 446
 277
 429
  76
 689
 741
 180
 355
 262
 442
 869
 141
 177
 451
 839
 621
 619
 550
 373
 655
 203
 390
  81
 227
 884
 903
 965
 155
  28
 169
 850
 209
 933
 583
 257
 598
 742
 822
 443
 764
 279
 211
 892
 654
 171
 934
 944
 150
  29
 541
 322
  33
 117
 627
 532
 489
  94
 274
 978
 671
 941
 310
 577
 543
 832
 916
 484
 546
 102
 940
 788
 324
 574
 924
 632
 705
 816
 130
  78
 912
 304
 496
 697
 246
 336
 479
 383
 809
 535
 807
 205
 116
 815
 278
 727
 559
 746
 964
 673
  86
 556
 579
   4
 876
  63
 729
 528
 191
 264
 875
 421
 774
 607
 854
 898
 100
 555
 291
 755
 188
 969
 859
 147
 350
 523
  21
 412
 989
 448
 318
 736
 492
 142
 982
 109
 960
 625
 424
 206
 511
 359
 178
 144
   6
 179
 545
 370
 316
 527
 970
 411
 497
 233
 653
 693
 108
 946
 459
 666
  43
  42
 709
 536
 345
  83
  91
 701
  92
 399
 143
 804
 106
 833
 683
  72
 524
 864
 193
 265
 305
 505
 660
 529
 287
 568
 219
  77
 107
 311
 951
 498
 282
 455
 614
 123
 795
 408
 134
 810
 225
 122
 349
 234
 766
  31
  34
 330
 997
 414
 217
 823
  40
 698
 950
 157
 718
 702
 416
 288
 521
 504
 800
 377
 991
 241
 163
 911
 963
 467
  22
 995
 490
 914
 700
 699
 226
 622
 618
 834
 269
 631
 567
 610
 328
 712
 346
 593
 677
 953
  99
 783
 722
  20
 499
 127
 927
 252
 487
 704
 456
 113
 181
 586
 594
 652
 136
 853
 918
 401
 606
 867
 447
 440
 647
  45
 987
 283
 805
 590
 407
 166
 730
 285
 376
 669
 624
 475
 626
 776
  97
 148
 909
 295
 228
 920
  19
 817
 474
 460
 907
 758
 392
 999
 881
 623
  49
 353
 868
 307
 728
 366
 802
 714
 759
  44
 121
 856
 640
 444
 483
 645
 778
 844
 646
 139
 670
 439
 406
 604
 224
 731
 427
 218
   5
 661
 403
 779
 519
 962
 588
 112
 236
 748
 798
 133
 985
 266
 926
 522
 608
 863
 845
 582
 929
 925
 595
 862
 510
 425
 214
  14
 643
 578
  69
 761
 540
 865
 271
 840
 309
 990
 515
 199
 436
  35
 485
 530
 644
 754
 201
 668
 685
   8
 584
 212
 129
 491
  82
  62
 118
 939
 437
 785
  73
 589
  96
 280
  90
 194
 111
  36
 469
  67
 901
  93
  71
 768
 362
 154
 740
 321
 725
 773
 974
 259
  66
  54
 775
 765
 210
 137
 790
  85
 948
 126
 847
 249
 480
 642
 842
 190
  70
 605
 125
 830
 895
 381
 581
 949
 858
 634
 611
 315
  38
 160
 636
 289
 630
  84
  79
  39
 633
 312
 872
 400
 509
 488
 694
 230
 300
 409
 635
 824
 204
 393
 883
 202
  58
 333
 871
 620
  11
 263
 945
 973
 371
 562
 114
 420
 306
 649
 242
 843
 256
 928
 272
 803
 747
 394
 947
 738
 687
 609
 706
 384
 404
 253
 313
 156
  41
 539
 516
 902
 352
  37
 812
 560
 463
 781
 502
 762
 419
 658
 184
 238
 372
 601
 149
 829
 237
  56
 327
 678
 273
 298
 426
 860
 261
  74
 501
 364
 889
   3
 428
 215
 786
 637
  65
 751
 275
 374
 749
 525
 477
 468
 387
 433
 813
 183
 663
 629
 478
 676
 172
 268
 665
 140
 208
  10
  15
 466
 846
 402
 820
 984
 244
 386
 361
 638
 229
 325
 935
 379
 500
 628
 518
 591
 231
 537
 423
 554
 603
 841
 120
 994
  32
 357
 320
 886
 548
 331
 445
 849
 450
 723
 258
 395
 904
 975
 431
 861
 819
 162
 721
 801
 329
 825
 681
 814
 650
 572
 569
 750
 651
 473
 243
 771
 894
 317
 476
 769
 954
 874
 284
 792
 174
 308
  48
 482
  52
 553
 971
 967
  88
 354
 998
 124
 882
  17
 223
 893
 294
 897
 571
 686
 597
 878
  59
 213
 563
 296
 848
 542
 398
 796
 557
 301
 417
 470
 674
 170
 837
 339
 104
 720
 286
 767
 828
 513
 756
 506
 161
 777
 337
 612
 880
 164
 319
 458
 717
 481
   2
 696
 981
 254
 915
 659
  23
 857
 110
 216
 132
 182
 735
 245
 570
 464
 866
 937
 397
 332
 680
 549
 615
 314
 176
 413
 938
   9
 281
 913
 710
 564
 827
   1
 724
 503
 462
  16
 931
 639
 547
 207
 743
 128
  75
 248
 235
 952
 968
 979
 297
 290
  47
 452
 415
 220
 757
 454
 826
 438
 472
 791
  87
 664
 566
 972
 173
 734
 616
 267
 996
 103
 797
  46
 719
 538
 146
 512
 983
 576
  53
  26
 159
 885
 599
 326
 993
 744
 648
 153
 435
 449
 358
 360
 760
 189
 453
 703
 596
 836
 175
 715
 276
 906
 782
 534
 708
 388
 745
 378
 552
1000
 716
 145
 494
 185
 732